Simulation0.000000 0.000000
0.500000 0.000125
1.000000 0.000341
1.500000 0.000620
2.000000 0.000944
2.500000 0.001297
3.000000 0.001666
3.500000 0.002043
4.000000 0.002422
4.500000 0.002798
5.000000 0.003166
5.500000 0.003525
6.000000 0.003873
6.500000 0.004208
7.000000 0.004530
7.500000 0.004838
8.000000 0.005133
8.500000 0.005413
9.000000 0.005680
9.500000 0.005934
10.000000 0.006174
10.500000 0.006403
11.000000 0.006619
11.500000 0.006823
12.000000 0.007016
12.500000 0.007199
13.000000 0.007372
13.500000 0.007535
14.000000 0.007689
14.500000 0.007834
15.000000 0.007971
15.500000 0.008100
16.000000 0.008222
16.500000 0.008336
17.000000 0.008444
17.500000 0.008546
18.000000 0.008642
18.500000 0.008732
19.000000 0.008817
19.500000 0.008897
20.000000 0.008972
20.500000 0.009043
21.000000 0.009110
21.500000 0.009173
22.000000 0.009232
22.500000 0.009287
23.000000 0.009339
23.500000 0.009388
24.000000 0.009434
24.500000 0.009478
25.000000 0.009519
25.500000 0.009557
26.000000 0.009593
26.500000 0.009627
27.000000 0.009659
27.500000 0.009689
28.000000 0.009717
28.500000 0.009743
29.000000 0.009768
29.500000 0.009792
30.000000 0.009813
30.500000 0.009834
31.000000 0.009853
31.500000 0.009872
32.000000 0.009889
32.500000 0.009905
33.000000 0.009920
33.500000 0.009934
34.000000 0.009947
34.500000 0.009960
35.000000 0.009972
35.500000 0.009983
36.000000 0.009993
36.500000 0.010003
37.000000 0.010012
37.500000 0.010021
38.000000 0.010029
38.500000 0.010036
39.000000 0.010044
39.500000 0.010050
40.000000 0.010056
40.500000 0.010062
41.000000 0.010068
41.500000 0.010073
42.000000 0.010078
42.500000 0.010083
43.000000 0.010087
43.500000 0.010091
44.000000 0.010095
44.500000 0.010098
45.000000 0.010102
45.500000 0.010105
46.000000 0.010108
46.500000 0.010111
47.000000 0.010113
47.500000 0.010116
48.000000 0.010118
48.500000 0.010120
49.000000 0.010122
49.500000 0.010124
50.000000 0.010126
50.500000 0.010128
51.000000 0.010129
51.500000 0.010131
52.000000 0.010132
52.500000 0.010133
53.000000 0.010135
53.500000 0.010136
54.000000 0.010137
54.500000 0.010138
55.000000 0.010139
55.500000 0.010140
56.000000 0.010141
56.500000 0.010141
57.000000 0.010142
57.500000 0.010143
58.000000 0.010143
58.500000 0.010144
59.000000 0.010145
59.500000 0.010145
60.000000 0.010146
60.500000 0.010146
61.000000 0.010147
61.500000 0.010147
62.000000 0.010147
62.500000 0.010148
63.000000 0.010148
63.500000 0.010149
64.000000 0.010149
64.500000 0.010149
65.000000 0.010149
65.500000 0.010150
66.000000 0.010150
66.500000 0.010150
67.000000 0.010150
67.500000 0.010151
68.000000 0.010151
68.500000 0.010151
69.000000 0.010151
69.500000 0.010151
70.000000 0.010151
70.500000 0.010151
71.000000 0.010152
71.500000 0.010152
72.000000 0.010152
72.500000 0.010152
73.000000 0.010152
73.500000 0.010152
74.000000 0.010152
74.500000 0.010152
75.000000 0.010152
75.500000 0.010152
76.000000 0.010153
76.500000 0.010153
77.000000 0.010153
77.500000 0.010153
78.000000 0.010153
78.500000 0.010153
79.000000 0.010153
79.500000 0.010153
80.000000 0.010153
80.500000 0.010153
81.000000 0.010153
81.500000 0.010153
82.000000 0.010153
82.500000 0.010153
83.000000 0.010153
83.500000 0.010153
84.000000 0.010153
84.500000 0.010153
85.000000 0.010153
85.500000 0.010153
86.000000 0.010153
86.500000 0.010153
87.000000 0.010153
87.500000 0.010153
88.000000 0.010153
88.500000 0.010153
89.000000 0.010153
89.500000 0.010153
90.000000 0.010153
90.500000 0.010153
91.000000 0.010153
91.500000 0.010153
92.000000 0.010153
92.500000 0.010153
93.000000 0.010153
93.500000 0.010153
94.000000 0.010153
94.500000 0.010153
95.000000 0.010154
95.500000 0.010154
96.000000 0.010154
96.500000 0.010154
97.000000 0.010154
97.500000 0.010154
98.000000 0.010154
98.500000 0.010154
99.000000 0.010154
99.500000 0.010154
100.000000 0.010154
100.500000 0.010154
101.000000 0.010154
101.500000 0.010154
102.000000 0.010154
102.500000 0.010154
103.000000 0.010154
103.500000 0.010154
104.000000 0.010154
104.500000 0.010154
105.000000 0.010154
105.500000 0.010154
106.000000 0.010154
106.500000 0.010154
107.000000 0.010154
107.500000 0.010154
108.000000 0.010154
108.500000 0.010154
109.000000 0.010154
109.500000 0.010154
110.000000 0.010154
110.500000 0.010154
111.000000 0.010154
111.500000 0.010154
112.000000 0.010154
112.500000 0.010154
113.000000 0.010154
113.500000 0.010154
114.000000 0.010154
114.500000 0.010154
115.000000 0.010154
115.500000 0.010154
116.000000 0.010154
116.500000 0.010154
117.000000 0.010154
117.500000 0.010154
118.000000 0.010154
118.500000 0.010154
119.000000 0.010154
119.500000 0.010154
120.000000 0.010154
120.500000 0.010154
121.000000 0.010154
121.500000 0.010154
122.000000 0.010154
122.500000 0.010154
123.000000 0.010154
123.500000 0.010154
124.000000 0.010154
124.500000 0.010154
125.000000 0.010154
125.500000 0.010154
126.000000 0.010154
126.500000 0.010154
127.000000 0.010154
127.500000 0.010154
128.000000 0.010154
128.500000 0.010154
129.000000 0.010154
129.500000 0.010154
130.000000 0.010154
130.500000 0.010154
131.000000 0.010154
131.500000 0.010154
132.000000 0.010154
132.500000 0.010154
133.000000 0.010154
133.500000 0.010154
134.000000 0.010154
134.500000 0.010154
135.000000 0.010154
135.500000 0.010154
136.000000 0.010154
136.500000 0.010154
137.000000 0.010154
137.500000 0.010154
138.000000 0.010154
138.500000 0.010154
139.000000 0.010154
139.500000 0.010154
140.000000 0.010154
140.500000 0.010154
141.000000 0.010154
141.500000 0.010154
142.000000 0.010154
142.500000 0.010154
143.000000 0.010154
143.500000 0.010154
144.000000 0.010154
144.500000 0.010154
145.000000 0.010154
145.500000 0.010154
146.000000 0.010154
146.500000 0.010154
147.000000 0.010154
147.500000 0.010154
148.000000 0.010154
148.500000 0.010154
149.000000 0.010154
149.500000 0.010154
150.000000 0.010154
150.500000 0.010154
151.000000 0.010154
151.500000 0.010154
152.000000 0.010154
152.500000 0.010154
153.000000 0.010154
153.500000 0.010154
154.000000 0.010154
154.500000 0.010154
155.000000 0.010154
155.500000 0.010154
156.000000 0.010154
156.500000 0.010154
157.000000 0.010154
157.500000 0.010154
158.000000 0.010154
158.500000 0.010154
159.000000 0.010154
159.500000 0.010154
160.000000 0.010154
160.500000 0.010154
161.000000 0.010154
161.500000 0.010154
162.000000 0.010154
162.500000 0.010154
163.000000 0.010154
163.500000 0.010154
164.000000 0.010154
164.500000 0.010154
165.000000 0.010154
165.500000 0.010154
166.000000 0.010154
166.500000 0.010154
167.000000 0.010154
167.500000 0.010154
168.000000 0.010154
168.500000 0.010154
169.000000 0.010154
169.500000 0.010154
170.000000 0.010154
170.500000 0.010154
171.000000 0.010154
171.500000 0.010154
172.000000 0.010154
172.500000 0.010154
173.000000 0.010154
173.500000 0.010154
174.000000 0.010154
174.500000 0.010154
175.000000 0.010154
175.500000 0.010154
176.000000 0.010154
176.500000 0.010154
177.000000 0.010154
177.500000 0.010154
178.000000 0.010154
178.500000 0.010154
179.000000 0.010154
179.500000 0.010154
180.000000 0.010154
180.500000 0.010154
181.000000 0.010154
181.500000 0.010154
182.000000 0.010154
182.500000 0.010154
183.000000 0.010154
183.500000 0.010154
184.000000 0.010154
184.500000 0.010154
185.000000 0.010154
185.500000 0.010154
186.000000 0.010154
186.500000 0.010154
187.000000 0.010154
187.500000 0.010154
188.000000 0.010154
188.500000 0.010154
189.000000 0.010154
189.500000 0.010154
190.000000 0.010154
190.500000 0.010154
191.000000 0.010154
191.500000 0.010154
192.000000 0.010154
192.500000 0.010154
193.000000 0.010154
193.500000 0.010154
194.000000 0.010154
194.500000 0.010154
195.000000 0.010154
195.500000 0.010154
196.000000 0.010154
196.500000 0.010154
197.000000 0.010154
197.500000 0.010154
198.000000 0.010154
198.500000 0.010154
199.000000 0.010154
199.500000 0.010154
200.000000 0.010154
200.500000 0.010154
201.000000 0.010154
201.500000 0.010154
202.000000 0.010154
202.500000 0.010154
203.000000 0.010154
203.500000 0.010154
204.000000 0.010154
204.500000 0.010154
205.000000 0.010154
205.500000 0.010154
206.000000 0.010154
206.500000 0.010154
207.000000 0.010154
207.500000 0.010154
208.000000 0.010154
208.500000 0.010154
209.000000 0.010154
209.500000 0.010154
210.000000 0.010154
210.500000 0.010154
211.000000 0.010154
211.500000 0.010154
212.000000 0.010154
212.500000 0.010154
213.000000 0.010154
213.500000 0.010154
214.000000 0.010154
214.500000 0.010154
215.000000 0.010154
215.500000 0.010154
216.000000 0.010154
216.500000 0.010154
217.000000 0.010154
217.500000 0.010154
218.000000 0.010154
218.500000 0.010154
219.000000 0.010154
219.500000 0.010154
220.000000 0.010154
220.500000 0.010154
221.000000 0.010154
221.500000 0.010154
222.000000 0.010154
222.500000 0.010154
223.000000 0.010154
223.500000 0.010154
224.000000 0.010154
224.500000 0.010154
225.000000 0.010154
225.500000 0.010154
226.000000 0.010154
226.500000 0.010154
227.000000 0.010154
227.500000 0.010154
228.000000 0.010154
228.500000 0.010154
229.000000 0.010154
229.500000 0.010154
230.000000 0.010154
230.500000 0.010154
231.000000 0.010154
231.500000 0.010154
232.000000 0.010154
232.500000 0.010154
233.000000 0.010154
233.500000 0.010154
234.000000 0.010154
234.500000 0.010154
235.000000 0.010154
235.500000 0.010154
236.000000 0.010154
236.500000 0.010154
237.000000 0.010154
237.500000 0.010154
238.000000 0.010154
238.500000 0.010154
239.000000 0.010154
239.500000 0.010154
240.000000 0.010154
240.500000 0.010154
241.000000 0.010154
241.500000 0.010154
242.000000 0.010154
242.500000 0.010154
243.000000 0.010154
243.500000 0.010154
244.000000 0.010154
244.500000 0.010154
245.000000 0.010154
245.500000 0.010154
246.000000 0.010154
246.500000 0.010154
247.000000 0.010154
247.500000 0.010154
248.000000 0.010154
248.500000 0.010154
249.000000 0.010154
249.500000 0.010154
250.000000 0.010154
250.500000 0.010154
251.000000 0.010154
251.500000 0.010154
252.000000 0.010154
252.500000 0.010154
253.000000 0.010154
253.500000 0.010154
254.000000 0.010154
254.500000 0.010154
255.000000 0.010154
255.500000 0.010154
256.000000 0.010154
256.500000 0.010154
257.000000 0.010154
257.500000 0.010154
258.000000 0.010154
258.500000 0.010154
259.000000 0.010154
259.500000 0.010154
260.000000 0.010154
260.500000 0.010154
261.000000 0.010154
261.500000 0.010154
262.000000 0.010154
262.500000 0.010154
263.000000 0.010154
263.500000 0.010154
264.000000 0.010154
264.500000 0.010154
265.000000 0.010154
265.500000 0.010154
266.000000 0.010154
266.500000 0.010154
267.000000 0.010154
267.500000 0.010154
268.000000 0.010154
268.500000 0.010154
269.000000 0.010154
269.500000 0.010154
270.000000 0.010154
270.500000 0.010154
271.000000 0.010154
271.500000 0.010154
272.000000 0.010154
272.500000 0.010154
273.000000 0.010154
273.500000 0.010154
274.000000 0.010154
274.500000 0.010154
275.000000 0.010154
275.500000 0.010154
276.000000 0.010154
276.500000 0.010154
277.000000 0.010154
277.500000 0.010154
278.000000 0.010154
278.500000 0.010154
279.000000 0.010154
279.500000 0.010154
280.000000 0.010154
280.500000 0.010154
281.000000 0.010154
281.500000 0.010154
282.000000 0.010154
282.500000 0.010154
283.000000 0.010154
283.500000 0.010154
284.000000 0.010154
284.500000 0.010154
285.000000 0.010154
285.500000 0.010154
286.000000 0.010154
286.500000 0.010154
287.000000 0.010154
287.500000 0.010154
288.000000 0.010154
288.500000 0.010154
289.000000 0.010154
289.500000 0.010154
290.000000 0.010154
290.500000 0.010154
291.000000 0.010154
291.500000 0.010154
292.000000 0.010154
292.500000 0.010154
293.000000 0.010154
293.500000 0.010154
294.000000 0.010154
294.500000 0.010154
295.000000 0.010154
295.500000 0.010154
296.000000 0.010154
296.500000 0.010154
297.000000 0.010154
297.500000 0.010154
298.000000 0.010154
298.500000 0.010154
299.000000 0.010154
299.500000 0.010154
300.000000 0.010154
300.500000 0.010154
301.000000 0.010154
301.500000 0.010154
302.000000 0.010154
302.500000 0.010154
303.000000 0.010154
303.500000 0.010154
304.000000 0.010154
304.500000 0.010154
305.000000 0.010154
305.500000 0.010154
306.000000 0.010154
306.500000 0.010154
307.000000 0.010154
307.500000 0.010154
308.000000 0.010154
308.500000 0.010154
309.000000 0.010154
309.500000 0.010154
310.000000 0.010154
310.500000 0.010154
311.000000 0.010154
311.500000 0.010154
312.000000 0.010154
312.500000 0.010154
313.000000 0.010154
313.500000 0.010154
314.000000 0.010154
314.500000 0.010154
315.000000 0.010154
315.500000 0.010154
316.000000 0.010154
316.500000 0.010154
317.000000 0.010154
317.500000 0.010154
318.000000 0.010154
318.500000 0.010154
319.000000 0.010154
319.500000 0.010154
320.000000 0.010154
320.500000 0.010154
321.000000 0.010154
321.500000 0.010154
322.000000 0.010154
322.500000 0.010154
323.000000 0.010154
323.500000 0.010154
324.000000 0.010154
324.500000 0.010154
325.000000 0.010154
325.500000 0.010154
326.000000 0.010154
326.500000 0.010154
327.000000 0.010154
327.500000 0.010154
328.000000 0.010154
328.500000 0.010154
329.000000 0.010154
329.500000 0.010154
330.000000 0.010154
330.500000 0.010154
331.000000 0.010154
331.500000 0.010154
332.000000 0.010154
332.500000 0.010154
333.000000 0.010154
333.500000 0.010154
334.000000 0.010154
334.500000 0.010154
335.000000 0.010154
335.500000 0.010154
336.000000 0.010154
336.500000 0.010154
337.000000 0.010154
337.500000 0.010154
338.000000 0.010154
338.500000 0.010154
339.000000 0.010154
339.500000 0.010154
340.000000 0.010154
340.500000 0.010154
341.000000 0.010154
341.500000 0.010154
342.000000 0.010154
342.500000 0.010154
343.000000 0.010154
343.500000 0.010154
344.000000 0.010154
344.500000 0.010154
345.000000 0.010154
345.500000 0.010154
346.000000 0.010154
346.500000 0.010154
347.000000 0.010154
347.500000 0.010154
348.000000 0.010154
348.500000 0.010154
349.000000 0.010154
349.500000 0.010154
350.000000 0.010154
350.500000 0.010154
351.000000 0.010154
351.500000 0.010154
352.000000 0.010154
352.500000 0.010154
353.000000 0.010154
353.500000 0.010154
354.000000 0.010154
354.500000 0.010154
355.000000 0.010154
355.500000 0.010154
356.000000 0.010154
356.500000 0.010154
357.000000 0.010154
357.500000 0.010154
358.000000 0.010154
358.500000 0.010154
359.000000 0.010154
359.500000 0.010154
360.000000 0.010154
360.500000 0.010154
361.000000 0.010154
361.500000 0.010154
362.000000 0.010154
362.500000 0.010154
363.000000 0.010154
363.500000 0.010154
364.000000 0.010154
364.500000 0.010154
365.000000 0.010154
365.500000 0.010154
366.000000 0.010154
366.500000 0.010154
367.000000 0.010154
367.500000 0.010154
368.000000 0.010154
368.500000 0.010154
369.000000 0.010154
369.500000 0.010154
370.000000 0.010154
370.500000 0.010154
371.000000 0.010154
371.500000 0.010154
372.000000 0.010154
372.500000 0.010154
373.000000 0.010154
373.500000 0.010154
374.000000 0.010154
374.500000 0.010154
375.000000 0.010154
375.500000 0.010154
376.000000 0.010154
376.500000 0.010154
377.000000 0.010154
377.500000 0.010154
378.000000 0.010154
378.500000 0.010154
379.000000 0.010154
379.500000 0.010154
380.000000 0.010154
380.500000 0.010154
381.000000 0.010154
381.500000 0.010154
382.000000 0.010154
382.500000 0.010154
383.000000 0.010154
383.500000 0.010154
384.000000 0.010154
384.500000 0.010154
385.000000 0.010154
385.500000 0.010154
386.000000 0.010154
386.500000 0.010154
387.000000 0.010154
387.500000 0.010154
388.000000 0.010154
388.500000 0.010154
389.000000 0.010154
389.500000 0.010154
390.000000 0.010154
390.500000 0.010154
391.000000 0.010154
391.500000 0.010154
392.000000 0.010154
392.500000 0.010154
393.000000 0.010154
393.500000 0.010154
394.000000 0.010154
394.500000 0.010154
395.000000 0.010154
395.500000 0.010154
396.000000 0.010154
396.500000 0.010154
397.000000 0.010154
397.500000 0.010154
398.000000 0.010154
398.500000 0.010154
399.000000 0.010154
399.500000 0.010154
400.000000 0.010154
400.500000 0.010154
401.000000 0.010154
401.500000 0.010154
402.000000 0.010154
402.500000 0.010154
403.000000 0.010154
403.500000 0.010154
404.000000 0.010154
404.500000 0.010154
405.000000 0.010154
405.500000 0.010154
406.000000 0.010154
406.500000 0.010154
407.000000 0.010154
407.500000 0.010154
408.000000 0.010154
408.500000 0.010154
409.000000 0.010154
409.500000 0.010154
410.000000 0.010154
410.500000 0.010154
411.000000 0.010154
411.500000 0.010154
412.000000 0.010154
412.500000 0.010154
413.000000 0.010154
413.500000 0.010154
414.000000 0.010154
414.500000 0.010154
415.000000 0.010154
415.500000 0.010154
416.000000 0.010154
416.500000 0.010154
417.000000 0.010154
417.500000 0.010154
418.000000 0.010154
418.500000 0.010154
419.000000 0.010154
419.500000 0.010154
420.000000 0.010154
420.500000 0.010154
421.000000 0.010154
421.500000 0.010154
422.000000 0.010154
422.500000 0.010154
423.000000 0.010154
423.500000 0.010154
424.000000 0.010154
424.500000 0.010154
425.000000 0.010154
425.500000 0.010154
426.000000 0.010154
426.500000 0.010154
427.000000 0.010154
427.500000 0.010154
428.000000 0.010154
428.500000 0.010154
429.000000 0.010154
429.500000 0.010154
430.000000 0.010154
430.500000 0.010154
431.000000 0.010154
431.500000 0.010154
432.000000 0.010154
432.500000 0.010154
433.000000 0.010154
433.500000 0.010154
434.000000 0.010154
434.500000 0.010154
435.000000 0.010154
435.500000 0.010154
436.000000 0.010154
436.500000 0.010154
437.000000 0.010154
437.500000 0.010154
438.000000 0.010154
438.500000 0.010154
439.000000 0.010154
439.500000 0.010154
440.000000 0.010154
440.500000 0.010154
441.000000 0.010154
441.500000 0.010154
442.000000 0.010154
442.500000 0.010154
443.000000 0.010154
443.500000 0.010154
444.000000 0.010154
444.500000 0.010154
445.000000 0.010154
445.500000 0.010154
446.000000 0.010154
446.500000 0.010154
447.000000 0.010154
447.500000 0.010154
448.000000 0.010154
448.500000 0.010154
449.000000 0.010154
449.500000 0.010154
450.000000 0.010154
450.500000 0.010154
451.000000 0.010154
451.500000 0.010154
452.000000 0.010154
452.500000 0.010154
453.000000 0.010154
453.500000 0.010154
454.000000 0.010154
454.500000 0.010154
455.000000 0.010154
455.500000 0.010154
456.000000 0.010154
456.500000 0.010154
457.000000 0.010154
457.500000 0.010154
458.000000 0.010154
458.500000 0.010154
459.000000 0.010154
459.500000 0.010154
460.000000 0.010154
460.500000 0.010154
461.000000 0.010154
461.500000 0.010154
462.000000 0.010154
462.500000 0.010154
463.000000 0.010154
463.500000 0.010154
464.000000 0.010154
464.500000 0.010154
465.000000 0.010154
465.500000 0.010154
466.000000 0.010154
466.500000 0.010154
467.000000 0.010154
467.500000 0.010154
468.000000 0.010154
468.500000 0.010154
469.000000 0.010154
469.500000 0.010154
470.000000 0.010154
470.500000 0.010154
471.000000 0.010154
471.500000 0.010154
472.000000 0.010154
472.500000 0.010154
473.000000 0.010154
473.500000 0.010154
474.000000 0.010154
474.500000 0.010154
475.000000 0.010154
475.500000 0.010154
476.000000 0.010154
476.500000 0.010154
477.000000 0.010154
477.500000 0.010154
478.000000 0.010154
478.500000 0.010154
479.000000 0.010154
479.500000 0.010154
480.000000 0.010154
480.500000 0.010154
481.000000 0.010154
481.500000 0.010154
482.000000 0.010154
482.500000 0.010154
483.000000 0.010154
483.500000 0.010154
484.000000 0.010154
484.500000 0.010154
485.000000 0.010154
485.500000 0.010154
486.000000 0.010154
486.500000 0.010154
487.000000 0.010154
487.500000 0.010154
488.000000 0.010154
488.500000 0.010154
489.000000 0.010154
489.500000 0.010154
490.000000 0.010154
490.500000 0.010154
491.000000 0.010154
491.500000 0.010154
492.000000 0.010154
492.500000 0.010154
493.000000 0.010154
493.500000 0.010154
494.000000 0.010154
494.500000 0.010154
495.000000 0.010154
495.500000 0.010154
496.000000 0.010154
496.500000 0.010154
497.000000 0.010154
497.500000 0.010154
498.000000 0.010154
498.500000 0.010154
499.000000 0.010154
499.500000 0.010154
500.000000 0.010154
500.500000 0.010154
501.000000 0.010154
501.500000 0.010154
502.000000 0.010154
502.500000 0.010154
503.000000 0.010154
503.500000 0.010154
504.000000 0.010154
504.500000 0.010154
505.000000 0.010154
505.500000 0.010154
506.000000 0.010154
506.500000 0.010154
507.000000 0.010154
507.500000 0.010154
508.000000 0.010154
508.500000 0.010154
509.000000 0.010154
509.500000 0.010154
510.000000 0.010154
510.500000 0.010154
511.000000 0.010154
511.500000 0.010154
512.000000 0.010154
512.500000 0.010154
513.000000 0.010154
513.500000 0.010154
514.000000 0.010154
514.500000 0.010154
515.000000 0.010154
515.500000 0.010154
516.000000 0.010154
516.500000 0.010154
517.000000 0.010154
517.500000 0.010154
518.000000 0.010154
518.500000 0.010154
519.000000 0.010154
519.500000 0.010154
520.000000 0.010154
520.500000 0.010154
521.000000 0.010154
521.500000 0.010154
522.000000 0.010154
522.500000 0.010154
523.000000 0.010154
523.500000 0.010154
524.000000 0.010154
524.500000 0.010154
525.000000 0.010154
525.500000 0.010154
526.000000 0.010154
526.500000 0.010154
527.000000 0.010154
527.500000 0.010154
528.000000 0.010154
528.500000 0.010154
529.000000 0.010154
529.500000 0.010154
530.000000 0.010154
530.500000 0.010154
531.000000 0.010154
531.500000 0.010154
532.000000 0.010154
532.500000 0.010154
533.000000 0.010154
533.500000 0.010154
534.000000 0.010154
534.500000 0.010154
535.000000 0.010154
535.500000 0.010154
536.000000 0.010154
536.500000 0.010154
537.000000 0.010154
537.500000 0.010154
538.000000 0.010154
538.500000 0.010154
539.000000 0.010154
539.500000 0.010154
540.000000 0.010154
540.500000 0.010154
541.000000 0.010154
541.500000 0.010154
542.000000 0.010154
542.500000 0.010154
543.000000 0.010154
543.500000 0.010154
544.000000 0.010154
544.500000 0.010154
545.000000 0.010154
545.500000 0.010154
546.000000 0.010154
546.500000 0.010154
547.000000 0.010154
547.500000 0.010154
548.000000 0.010154
548.500000 0.010154
549.000000 0.010154
549.500000 0.010154
550.000000 0.010154
550.500000 0.010154
551.000000 0.010154
551.500000 0.010154
552.000000 0.010154
552.500000 0.010154
553.000000 0.010154
553.500000 0.010154
554.000000 0.010154
554.500000 0.010154
555.000000 0.010154
555.500000 0.010154
556.000000 0.010154
556.500000 0.010154
557.000000 0.010154
557.500000 0.010154
558.000000 0.010154
558.500000 0.010154
559.000000 0.010154
559.500000 0.010154
560.000000 0.010154
560.500000 0.010154
561.000000 0.010154
561.500000 0.010154
562.000000 0.010154
562.500000 0.010154
563.000000 0.010154
563.500000 0.010154
564.000000 0.010154
564.500000 0.010154
565.000000 0.010154
565.500000 0.010154
566.000000 0.010154
566.500000 0.010154
567.000000 0.010154
567.500000 0.010154
568.000000 0.010154
568.500000 0.010154
569.000000 0.010154
569.500000 0.010154
570.000000 0.010154
570.500000 0.010154
571.000000 0.010154
571.500000 0.010154
572.000000 0.010154
572.500000 0.010154
573.000000 0.010154
573.500000 0.010154
574.000000 0.010154
574.500000 0.010154
575.000000 0.010154
575.500000 0.010154
576.000000 0.010154
576.500000 0.010154
577.000000 0.010154
577.500000 0.010154
578.000000 0.010154
578.500000 0.010154
579.000000 0.010154
579.500000 0.010154
580.000000 0.010154
580.500000 0.010154
581.000000 0.010154
581.500000 0.010154
582.000000 0.010154
582.500000 0.010154
583.000000 0.010154
583.500000 0.010154
584.000000 0.010154
584.500000 0.010154
585.000000 0.010154
585.500000 0.010154
586.000000 0.010154
586.500000 0.010154
587.000000 0.010154
587.500000 0.010154
588.000000 0.010154
588.500000 0.010154
589.000000 0.010154
589.500000 0.010154
590.000000 0.010154
590.500000 0.010154
591.000000 0.010154
591.500000 0.010154
592.000000 0.010154
592.500000 0.010154
593.000000 0.010154
593.500000 0.010154
594.000000 0.010154
594.500000 0.010154
595.000000 0.010154
595.500000 0.010154
596.000000 0.010154
596.500000 0.010154
597.000000 0.010154
597.500000 0.010154
598.000000 0.010154
598.500000 0.010154
599.000000 0.010154
599.500000 0.010154
600.000000 0.010154
600.500000 0.010154
601.000000 0.010154
601.500000 0.010154
602.000000 0.010154
602.500000 0.010154
603.000000 0.010154
603.500000 0.010154
604.000000 0.010154
604.500000 0.010154
605.000000 0.010154
605.500000 0.010154
606.000000 0.010154
606.500000 0.010154
607.000000 0.010154
607.500000 0.010154
608.000000 0.010154
608.500000 0.010154
609.000000 0.010154
609.500000 0.010154
610.000000 0.010154
610.500000 0.010154
611.000000 0.010154
611.500000 0.010154
612.000000 0.010154
612.500000 0.010154
613.000000 0.010154
613.500000 0.010154
614.000000 0.010154
614.500000 0.010154
615.000000 0.010154
615.500000 0.010154
616.000000 0.010154
616.500000 0.010154
617.000000 0.010154
617.500000 0.010154
618.000000 0.010154
618.500000 0.010154
619.000000 0.010154
619.500000 0.010154
620.000000 0.010154
620.500000 0.010154
621.000000 0.010154
621.500000 0.010154
622.000000 0.010154
622.500000 0.010154
623.000000 0.010154
623.500000 0.010154
624.000000 0.010154
624.500000 0.010154
625.000000 0.010154
625.500000 0.010154
626.000000 0.010154
626.500000 0.010154
627.000000 0.010154
627.500000 0.010154
628.000000 0.010154
628.500000 0.010154
629.000000 0.010154
629.500000 0.010154
630.000000 0.010154
630.500000 0.010154
631.000000 0.010154
631.500000 0.010154
632.000000 0.010154
632.500000 0.010154
633.000000 0.010154
633.500000 0.010154
634.000000 0.010154
634.500000 0.010154
635.000000 0.010154
635.500000 0.010154
636.000000 0.010154
636.500000 0.010154
637.000000 0.010154
637.500000 0.010154
638.000000 0.010154
638.500000 0.010154
639.000000 0.010154
639.500000 0.010154
640.000000 0.010154
640.500000 0.010154
641.000000 0.010154
641.500000 0.010154
642.000000 0.010154
642.500000 0.010154
643.000000 0.010154
643.500000 0.010154
644.000000 0.010154
644.500000 0.010154
645.000000 0.010154
645.500000 0.010154
646.000000 0.010154
646.500000 0.010154
647.000000 0.010154
647.500000 0.010154
648.000000 0.010154
648.500000 0.010154
649.000000 0.010154
649.500000 0.010154
650.000000 0.010154
650.500000 0.010154
651.000000 0.010154
651.500000 0.010154
652.000000 0.010154
652.500000 0.010154
653.000000 0.010154
653.500000 0.010154
654.000000 0.010154
654.500000 0.010154
655.000000 0.010154
655.500000 0.010154
656.000000 0.010154
656.500000 0.010154
657.000000 0.010154
657.500000 0.010154
658.000000 0.010154
658.500000 0.010154
659.000000 0.010154
659.500000 0.010154
660.000000 0.010154
660.500000 0.010154
661.000000 0.010154
661.500000 0.010154
662.000000 0.010154
662.500000 0.010154
663.000000 0.010154
663.500000 0.010154
664.000000 0.010154
664.500000 0.010154
665.000000 0.010154
665.500000 0.010154
666.000000 0.010154
666.500000 0.010154
667.000000 0.010154
667.500000 0.010154
668.000000 0.010154
668.500000 0.010154
669.000000 0.010154
669.500000 0.010154
670.000000 0.010154
670.500000 0.010154
671.000000 0.010154
671.500000 0.010154
672.000000 0.010154
672.500000 0.010154
673.000000 0.010154
673.500000 0.010154
674.000000 0.010154
674.500000 0.010154
675.000000 0.010154
675.500000 0.010154
676.000000 0.010154
676.500000 0.010154
677.000000 0.010154
677.500000 0.010154
678.000000 0.010154
678.500000 0.010154
679.000000 0.010154
679.500000 0.010154
680.000000 0.010154
680.500000 0.010154
681.000000 0.010154
681.500000 0.010154
682.000000 0.010154
682.500000 0.010154
683.000000 0.010154
683.500000 0.010154
684.000000 0.010154
684.500000 0.010154
685.000000 0.010154
685.500000 0.010154
686.000000 0.010154
686.500000 0.010154
687.000000 0.010154
687.500000 0.010154
688.000000 0.010154
688.500000 0.010154
689.000000 0.010154
689.500000 0.010154
690.000000 0.010154
690.500000 0.010154
691.000000 0.010154
691.500000 0.010154
692.000000 0.010154
692.500000 0.010154
693.000000 0.010154
693.500000 0.010154
694.000000 0.010154
694.500000 0.010154
695.000000 0.010154
695.500000 0.010154
696.000000 0.010154
696.500000 0.010154
697.000000 0.010154
697.500000 0.010154
698.000000 0.010154
698.500000 0.010154
699.000000 0.010154
699.500000 0.010154
700.000000 0.010154
700.500000 0.010154
701.000000 0.010154
701.500000 0.010154
702.000000 0.010154
702.500000 0.010154
703.000000 0.010154
703.500000 0.010154
704.000000 0.010154
704.500000 0.010154
705.000000 0.010154
705.500000 0.010154
706.000000 0.010154
706.500000 0.010154
707.000000 0.010154
707.500000 0.010154
708.000000 0.010154
708.500000 0.010154
709.000000 0.010154
709.500000 0.010154
710.000000 0.010154
710.500000 0.010154
711.000000 0.010154
711.500000 0.010154
712.000000 0.010154
712.500000 0.010154
713.000000 0.010154
713.500000 0.010154
714.000000 0.010154
714.500000 0.010154
715.000000 0.010154
715.500000 0.010154
716.000000 0.010154
716.500000 0.010154
717.000000 0.010154
717.500000 0.010154
718.000000 0.010154
718.500000 0.010154
719.000000 0.010154
719.500000 0.010154
720.000000 0.010154
720.500000 0.010154
721.000000 0.010154
721.500000 0.010154
722.000000 0.010154
722.500000 0.010154
723.000000 0.010154
723.500000 0.010154
724.000000 0.010154
724.500000 0.010154
725.000000 0.010154
725.500000 0.010154
726.000000 0.010154
726.500000 0.010154
727.000000 0.010154
727.500000 0.010154
728.000000 0.010154
728.500000 0.010154
729.000000 0.010154
729.500000 0.010154
730.000000 0.010154
730.500000 0.010154
731.000000 0.010154
731.500000 0.010154
732.000000 0.010154
732.500000 0.010154
733.000000 0.010154
733.500000 0.010154
734.000000 0.010154
734.500000 0.010154
735.000000 0.010154
735.500000 0.010154
736.000000 0.010154
736.500000 0.010154
737.000000 0.010154
737.500000 0.010154
738.000000 0.010154
738.500000 0.010154
739.000000 0.010154
739.500000 0.010154
740.000000 0.010154
740.500000 0.010154
741.000000 0.010154
741.500000 0.010154
742.000000 0.010154
742.500000 0.010154
743.000000 0.010154
743.500000 0.010154
744.000000 0.010154
744.500000 0.010154
745.000000 0.010154
745.500000 0.010154
746.000000 0.010154
746.500000 0.010154
747.000000 0.010154
747.500000 0.010154
748.000000 0.010154
748.500000 0.010154
749.000000 0.010154
749.500000 0.010154
750.000000 0.010154
750.500000 0.010154
751.000000 0.010154
751.500000 0.010154
752.000000 0.010154
752.500000 0.010154
753.000000 0.010154
753.500000 0.010154
754.000000 0.010154
754.500000 0.010154
755.000000 0.010154
755.500000 0.010154
756.000000 0.010154
756.500000 0.010154
757.000000 0.010154
757.500000 0.010154
758.000000 0.010154
758.500000 0.010154
759.000000 0.010154
759.500000 0.010154
760.000000 0.010154
760.500000 0.010154
761.000000 0.010154
761.500000 0.010154
762.000000 0.010154
762.500000 0.010154
763.000000 0.010154
763.500000 0.010154
764.000000 0.010154
764.500000 0.010154
765.000000 0.010154
765.500000 0.010154
766.000000 0.010154
766.500000 0.010154
767.000000 0.010154
767.500000 0.010154
768.000000 0.010154
768.500000 0.010154
769.000000 0.010154
769.500000 0.010154
770.000000 0.010154
770.500000 0.010154
771.000000 0.010154
771.500000 0.010154
772.000000 0.010154
772.500000 0.010154
773.000000 0.010154
773.500000 0.010154
774.000000 0.010154
774.500000 0.010154
775.000000 0.010154
775.500000 0.010154
776.000000 0.010154
776.500000 0.010154
777.000000 0.010154
777.500000 0.010154
778.000000 0.010154
778.500000 0.010154
779.000000 0.010154
779.500000 0.010154
780.000000 0.010154
780.500000 0.010154
781.000000 0.010154
781.500000 0.010154
782.000000 0.010154
782.500000 0.010154
783.000000 0.010154
783.500000 0.010154
784.000000 0.010154
784.500000 0.010154
785.000000 0.010154
785.500000 0.010154
786.000000 0.010154
786.500000 0.010154
787.000000 0.010154
787.500000 0.010154
788.000000 0.010154
788.500000 0.010154
789.000000 0.010154
789.500000 0.010154
790.000000 0.010154
790.500000 0.010154
791.000000 0.010154
791.500000 0.010154
792.000000 0.010154
792.500000 0.010154
793.000000 0.010154
793.500000 0.010154
794.000000 0.010154
794.500000 0.010154
795.000000 0.010154
795.500000 0.010154
796.000000 0.010154
796.500000 0.010154
797.000000 0.010154
797.500000 0.010154
798.000000 0.010154
798.500000 0.010154
799.000000 0.010154
799.500000 0.010154
800.000000 0.010154
800.500000 0.010154
801.000000 0.010154
801.500000 0.010154
802.000000 0.010154
802.500000 0.010154
803.000000 0.010154
803.500000 0.010154
804.000000 0.010154
804.500000 0.010154
805.000000 0.010154
805.500000 0.010154
806.000000 0.010154
806.500000 0.010154
807.000000 0.010154
807.500000 0.010154
808.000000 0.010154
808.500000 0.010154
809.000000 0.010154
809.500000 0.010154
810.000000 0.010154
810.500000 0.010154
811.000000 0.010154
811.500000 0.010154
812.000000 0.010154
812.500000 0.010154
813.000000 0.010154
813.500000 0.010154
814.000000 0.010154
814.500000 0.010154
815.000000 0.010154
815.500000 0.010154
816.000000 0.010154
816.500000 0.010154
817.000000 0.010154
817.500000 0.010154
818.000000 0.010154
818.500000 0.010154
819.000000 0.010154
819.500000 0.010154
820.000000 0.010154
820.500000 0.010154
821.000000 0.010154
821.500000 0.010154
822.000000 0.010154
822.500000 0.010154
823.000000 0.010154
823.500000 0.010154
824.000000 0.010154
824.500000 0.010154
825.000000 0.010154
825.500000 0.010154
826.000000 0.010154
826.500000 0.010154
827.000000 0.010154
827.500000 0.010154
828.000000 0.010154
828.500000 0.010154
829.000000 0.010154
829.500000 0.010154
830.000000 0.010154
830.500000 0.010154
831.000000 0.010154
831.500000 0.010154
832.000000 0.010154
832.500000 0.010154
833.000000 0.010154
833.500000 0.010154
834.000000 0.010154
834.500000 0.010154
835.000000 0.010154
835.500000 0.010154
836.000000 0.010154
836.500000 0.010154
837.000000 0.010154
837.500000 0.010154
838.000000 0.010154
838.500000 0.010154
839.000000 0.010154
839.500000 0.010154
840.000000 0.010154
840.500000 0.010154
841.000000 0.010154
841.500000 0.010154
842.000000 0.010154
842.500000 0.010154
843.000000 0.010154
843.500000 0.010154
844.000000 0.010154
844.500000 0.010154
845.000000 0.010154
845.500000 0.010154
846.000000 0.010154
846.500000 0.010154
847.000000 0.010154
847.500000 0.010154
848.000000 0.010154
848.500000 0.010154
849.000000 0.010154
849.500000 0.010154
850.000000 0.010154
850.500000 0.010154
851.000000 0.010154
851.500000 0.010154
852.000000 0.010154
852.500000 0.010154
853.000000 0.010154
853.500000 0.010154
854.000000 0.010154
854.500000 0.010154
855.000000 0.010154
855.500000 0.010154
856.000000 0.010154
856.500000 0.010154
857.000000 0.010154
857.500000 0.010154
858.000000 0.010154
858.500000 0.010154
859.000000 0.010154
859.500000 0.010154
860.000000 0.010154
860.500000 0.010154
861.000000 0.010154
861.500000 0.010154
862.000000 0.010154
862.500000 0.010154
863.000000 0.010154
863.500000 0.010154
864.000000 0.010154
864.500000 0.010154
865.000000 0.010154
865.500000 0.010154
866.000000 0.010154
866.500000 0.010154
867.000000 0.010154
867.500000 0.010154
868.000000 0.010154
868.500000 0.010154
869.000000 0.010154
869.500000 0.010154
870.000000 0.010154
870.500000 0.010154
871.000000 0.010154
871.500000 0.010154
872.000000 0.010154
872.500000 0.010154
873.000000 0.010154
873.500000 0.010154
874.000000 0.010154
874.500000 0.010154
875.000000 0.010154
875.500000 0.010154
876.000000 0.010154
876.500000 0.010154
877.000000 0.010154
877.500000 0.010154
878.000000 0.010154
878.500000 0.010154
879.000000 0.010154
879.500000 0.010154
880.000000 0.010154
880.500000 0.010154
881.000000 0.010154
881.500000 0.010154
882.000000 0.010154
882.500000 0.010154
883.000000 0.010154
883.500000 0.010154
884.000000 0.010154
884.500000 0.010154
885.000000 0.010154
885.500000 0.010154
886.000000 0.010154
886.500000 0.010154
887.000000 0.010154
887.500000 0.010154
888.000000 0.010154
888.500000 0.010154
889.000000 0.010154
889.500000 0.010154
890.000000 0.010154
890.500000 0.010154
891.000000 0.010154
891.500000 0.010154
892.000000 0.010154
892.500000 0.010154
893.000000 0.010154
893.500000 0.010154
894.000000 0.010154
894.500000 0.010154
895.000000 0.010154
895.500000 0.010154
896.000000 0.010154
896.500000 0.010154
897.000000 0.010154
897.500000 0.010154
898.000000 0.010154
898.500000 0.010154
899.000000 0.010154
899.500000 0.010154
900.000000 0.010154
900.500000 0.010154
901.000000 0.010154
901.500000 0.010154
902.000000 0.010154
902.500000 0.010154
903.000000 0.010154
903.500000 0.010154
904.000000 0.010154
904.500000 0.010154
905.000000 0.010154
905.500000 0.010154
906.000000 0.010154
906.500000 0.010154
907.000000 0.010154
907.500000 0.010154
908.000000 0.010154
908.500000 0.010154
909.000000 0.010154
909.500000 0.010154
910.000000 0.010154
910.500000 0.010154
911.000000 0.010154
911.500000 0.010154
912.000000 0.010154
912.500000 0.010154
913.000000 0.010154
913.500000 0.010154
914.000000 0.010154
914.500000 0.010154
915.000000 0.010154
915.500000 0.010154
916.000000 0.010154
916.500000 0.010154
917.000000 0.010154
917.500000 0.010154
918.000000 0.010154
918.500000 0.010154
919.000000 0.010154
919.500000 0.010154
920.000000 0.010154
920.500000 0.010154
921.000000 0.010154
921.500000 0.010154
922.000000 0.010154
922.500000 0.010154
923.000000 0.010154
923.500000 0.010154
924.000000 0.010154
924.500000 0.010154
925.000000 0.010154
925.500000 0.010154
926.000000 0.010154
926.500000 0.010154
927.000000 0.010154
927.500000 0.010154
928.000000 0.010154
928.500000 0.010154
929.000000 0.010154
929.500000 0.010154
930.000000 0.010154
930.500000 0.010154
931.000000 0.010154
931.500000 0.010154
932.000000 0.010154
932.500000 0.010154
933.000000 0.010154
933.500000 0.010154
934.000000 0.010154
934.500000 0.010154
935.000000 0.010154
935.500000 0.010154
936.000000 0.010154
936.500000 0.010154
937.000000 0.010154
937.500000 0.010154
938.000000 0.010154
938.500000 0.010154
939.000000 0.010154
939.500000 0.010154
940.000000 0.010154
940.500000 0.010154
941.000000 0.010154
941.500000 0.010154
942.000000 0.010154
942.500000 0.010154
943.000000 0.010154
943.500000 0.010154
944.000000 0.010154
944.500000 0.010154
945.000000 0.010154
945.500000 0.010154
946.000000 0.010154
946.500000 0.010154
947.000000 0.010154
947.500000 0.010154
948.000000 0.010154
948.500000 0.010154
949.000000 0.010154
949.500000 0.010154
950.000000 0.010154
950.500000 0.010154
951.000000 0.010154
951.500000 0.010154
952.000000 0.010154
952.500000 0.010154
953.000000 0.010154
953.500000 0.010154
954.000000 0.010154
954.500000 0.010154
955.000000 0.010154
955.500000 0.010154
956.000000 0.010154
956.500000 0.010154
957.000000 0.010154
957.500000 0.010154
958.000000 0.010154
958.500000 0.010154
959.000000 0.010154
959.500000 0.010154
960.000000 0.010154
960.500000 0.010154
961.000000 0.010154
961.500000 0.010154
962.000000 0.010154
962.500000 0.010154
963.000000 0.010154
963.500000 0.010154
964.000000 0.010154
964.500000 0.010154
965.000000 0.010154
965.500000 0.010154
966.000000 0.010154
966.500000 0.010154
967.000000 0.010154
967.500000 0.010154
968.000000 0.010154
968.500000 0.010154
969.000000 0.010154
969.500000 0.010154
970.000000 0.010154
970.500000 0.010154
971.000000 0.010154
971.500000 0.010154
972.000000 0.010154
972.500000 0.010154
973.000000 0.010154
973.500000 0.010154
974.000000 0.010154
974.500000 0.010154
975.000000 0.010154
975.500000 0.010154
976.000000 0.010154
976.500000 0.010154
977.000000 0.010154
977.500000 0.010154
978.000000 0.010154
978.500000 0.010154
979.000000 0.010154
979.500000 0.010154
980.000000 0.010154
980.500000 0.010154
981.000000 0.010154
981.500000 0.010154
982.000000 0.010154
982.500000 0.010154
983.000000 0.010154
983.500000 0.010154
984.000000 0.010154
984.500000 0.010154
985.000000 0.010154
985.500000 0.010154
986.000000 0.010154
986.500000 0.010154
987.000000 0.010154
987.500000 0.010154
988.000000 0.010154
988.500000 0.010154
989.000000 0.010154
989.500000 0.010154
990.000000 0.010154
990.500000 0.010154
991.000000 0.010154
991.500000 0.010154
992.000000 0.010154
992.500000 0.010154
993.000000 0.010154
993.500000 0.010154
994.000000 0.010154
994.500000 0.010154
995.000000 0.010154
995.500000 0.010154
996.000000 0.010154
996.500000 0.010154
997.000000 0.010154
997.500000 0.010154
998.000000 0.010154
998.500000 0.010154
999.000000 0.010154
999.500000 0.010154
0.000000 0.000000
