Simulation0.000000 0.000000
0.500000 0.007500
1.000000 0.019362
1.500000 0.033725
2.000000 0.049547
2.500000 0.066251
3.000000 0.083520
3.500000 0.101181
4.000000 0.119144
4.500000 0.137368
5.000000 0.155843
5.500000 0.174577
6.000000 0.193596
6.500000 0.212935
7.000000 0.232644
7.500000 0.252781
8.000000 0.273414
8.500000 0.294628
9.000000 0.316517
9.500000 0.339193
10.000000 0.362783
10.500000 0.387434
11.000000 0.413313
11.500000 0.440607
12.000000 0.469521
12.500000 0.500275
13.000000 0.533089
13.500000 0.568168
14.000000 0.605669
14.500000 0.645649
15.000000 0.687995
15.500000 0.732339
16.000000 0.777957
16.500000 0.823698
17.000000 0.867986
17.500000 0.908939
18.000000 0.944650
18.500000 0.973554
19.000000 0.994748
19.500000 1.008119
20.000000 1.014223
20.500000 1.014018
21.000000 1.008579
21.500000 0.998902
22.000000 0.985800
22.500000 0.969887
23.000000 0.951591
23.500000 0.931179
24.000000 0.908787
24.500000 0.884441
25.000000 0.858070
25.500000 0.829516
26.000000 0.798536
26.500000 0.764797
27.000000 0.727886
27.500000 0.687307
28.000000 0.642501
28.500000 0.592898
29.000000 0.538014
29.500000 0.477628
30.000000 0.412087
30.500000 0.342698
31.000000 0.272141
31.500000 0.204580
32.000000 0.145079
32.500000 0.098140
33.000000 0.066026
33.500000 0.048107
34.000000 0.041722
34.500000 0.043663
35.000000 0.051190
35.500000 0.062334
36.000000 0.075806
36.500000 0.090800
37.000000 0.106823
37.500000 0.123576
38.000000 0.140883
38.500000 0.158644
39.000000 0.176809
39.500000 0.195362
40.000000 0.214311
40.500000 0.233685
41.000000 0.253526
41.500000 0.273894
42.000000 0.294861
42.500000 0.316516
43.000000 0.338964
43.500000 0.362327
44.000000 0.386748
44.500000 0.412387
45.000000 0.439428
45.500000 0.468070
46.000000 0.498529
46.500000 0.531023
47.000000 0.565756
47.500000 0.602885
48.000000 0.642476
48.500000 0.684433
49.000000 0.728412
49.500000 0.773728
50.000000 0.819278
50.500000 0.863535
51.000000 0.904655
51.500000 0.940740
52.000000 0.970193
52.500000 0.992047
53.000000 1.006111
53.500000 1.012877
54.000000 1.013261
54.500000 1.008326
55.000000 0.999067
55.500000 0.986314
56.000000 0.970694
56.500000 0.952650
57.000000 0.932464
57.500000 0.910282
58.000000 0.886140
58.500000 0.859977
59.000000 0.831642
59.500000 0.800899
60.000000 0.767426
60.500000 0.730816
61.000000 0.690579
61.500000 0.646163
62.000000 0.596996
62.500000 0.542581
63.000000 0.482671
63.500000 0.417551
64.000000 0.348434
64.500000 0.277875
65.000000 0.209924
65.500000 0.149610
66.000000 0.101543
66.500000 0.068212
67.000000 0.049213
67.500000 0.041999
68.000000 0.043363
68.500000 0.050509
69.000000 0.061405
69.500000 0.074717
70.000000 0.089604
70.500000 0.105552
71.000000 0.122251
71.500000 0.139515
72.000000 0.157240
72.500000 0.175371
73.000000 0.193892
73.500000 0.212808
74.000000 0.232146
74.500000 0.251947
75.000000 0.272269
75.500000 0.293185
76.000000 0.314782
76.500000 0.337162
77.000000 0.360448
77.500000 0.384778
78.000000 0.410314
78.500000 0.437236
79.000000 0.465743
79.500000 0.496050
80.000000 0.528374
80.500000 0.562923
81.000000 0.599858
81.500000 0.639255
82.000000 0.681032
82.500000 0.724870
83.000000 0.770114
83.500000 0.815695
84.000000 0.860118
84.500000 0.901556
85.000000 0.938104
85.500000 0.968126
86.000000 0.990599
86.500000 1.005269
87.000000 1.012583
87.500000 1.013435
88.000000 1.008883
88.500000 0.999934
89.000000 0.987432
89.500000 0.972021
90.000000 0.954157
90.500000 0.934134
91.000000 0.912107
91.500000 0.888121
92.000000 0.862123
92.500000 0.833967
93.000000 0.803426
93.500000 0.770183
94.000000 0.733838
94.500000 0.693908
95.000000 0.649843
95.500000 0.601072
96.000000 0.547087
96.500000 0.487611
97.000000 0.422873
97.500000 0.353999
98.000000 0.283426
98.500000 0.215092
99.000000 0.153989
99.500000 0.104825
100.000000 0.070306
100.500000 0.050246
101.000000 0.042217
101.500000 0.043013
102.000000 0.049785
102.500000 0.060441
103.000000 0.073598
103.500000 0.088382
104.000000 0.104260
104.500000 0.120907
105.000000 0.138131
105.500000 0.155822
106.000000 0.173922
106.500000 0.192412
107.000000 0.211296
107.500000 0.230599
108.000000 0.250362
108.500000 0.270641
109.000000 0.291507
109.500000 0.313046
110.000000 0.335360
110.500000 0.358569
111.000000 0.382811
111.500000 0.408246
112.000000 0.435051
112.500000 0.463425
113.000000 0.493581
113.500000 0.525738
114.000000 0.560104
114.500000 0.596846
115.000000 0.636048
115.500000 0.677645
116.000000 0.721339
116.500000 0.766504
117.000000 0.812108
117.500000 0.856686
118.000000 0.898431
118.500000 0.935431
119.000000 0.966017
119.500000 0.989106
120.000000 1.004386
120.500000 1.012253
121.000000 1.013578
121.500000 1.009416
122.000000 1.000781
122.500000 0.988534
123.000000 0.973335
123.500000 0.955653
124.000000 0.935792
124.500000 0.913921
125.000000 0.890091
125.500000 0.864256
126.000000 0.836279
126.500000 0.805936
127.000000 0.772921
127.500000 0.736838
128.000000 0.697210
128.500000 0.653494
129.000000 0.605116
129.500000 0.551557
130.000000 0.492516
130.500000 0.428169
131.000000 0.359553
131.500000 0.288989
132.000000 0.220304
132.500000 0.158442
133.000000 0.108200
133.500000 0.072491
134.000000 0.051355
134.500000 0.042489
135.000000 0.042699
135.500000 0.049085
136.000000 0.059493
136.500000 0.072488
137.000000 0.087167
137.500000 0.102972
138.000000 0.119567
138.500000 0.136750
139.000000 0.154406
139.500000 0.172476
140.000000 0.190935
140.500000 0.209787
141.000000 0.229055
141.500000 0.248780
142.000000 0.269016
142.500000 0.289832
143.000000 0.311314
143.500000 0.333563
144.000000 0.356697
144.500000 0.380852
145.000000 0.406185
145.500000 0.432875
146.000000 0.461117
146.500000 0.491125
147.000000 0.523116
147.500000 0.557300
148.000000 0.593849
148.500000 0.632857
149.000000 0.674272
149.500000 0.717817
150.000000 0.762898
150.500000 0.808515
151.000000 0.853236
151.500000 0.895276
152.000000 0.932718
152.500000 0.963860
153.000000 0.987564
153.500000 1.003456
154.000000 1.011882
154.500000 1.013688
155.000000 1.009920
155.500000 1.001606
156.000000 0.989618
156.500000 0.974633
157.000000 0.957134
157.500000 0.937439
158.000000 0.915723
158.500000 0.892049
159.000000 0.866376
159.500000 0.838575
160.000000 0.808430
160.500000 0.775640
161.000000 0.739816
161.500000 0.700488
162.000000 0.657116
162.500000 0.609127
163.000000 0.555994
163.500000 0.497388
164.000000 0.433437
164.500000 0.365093
165.000000 0.294564
165.500000 0.225559
166.000000 0.162970
166.500000 0.111667
167.000000 0.074768
167.500000 0.052540
168.000000 0.042818
168.500000 0.042424
169.000000 0.048410
169.500000 0.058560
170.000000 0.071389
170.500000 0.085959
171.000000 0.101689
171.500000 0.118230
172.000000 0.135372
172.500000 0.152994
173.000000 0.171032
173.500000 0.189460
174.000000 0.208281
174.500000 0.227515
175.000000 0.247201
175.500000 0.267394
176.000000 0.288162
176.500000 0.309588
177.000000 0.331772
177.500000 0.354831
178.000000 0.378900
178.500000 0.404134
179.000000 0.430709
179.500000 0.458821
180.000000 0.488681
180.500000 0.520507
181.000000 0.554510
181.500000 0.590868
182.000000 0.629681
182.500000 0.670911
183.000000 0.714305
183.500000 0.759295
184.000000 0.804916
184.500000 0.849770
185.000000 0.892092
185.500000 0.929965
186.000000 0.961656
186.500000 0.985973
187.000000 1.002478
187.500000 1.011470
188.000000 1.013762
188.500000 1.010397
189.000000 1.002408
189.500000 0.990684
190.000000 0.975916
190.500000 0.958602
191.000000 0.939072
191.500000 0.917513
192.000000 0.893994
192.500000 0.868483
193.000000 0.840857
193.500000 0.810908
194.000000 0.778339
194.500000 0.742772
195.000000 0.703740
195.500000 0.660709
196.000000 0.613106
196.500000 0.560395
197.000000 0.502226
197.500000 0.438677
198.000000 0.370619
198.500000 0.300148
199.000000 0.230854
199.500000 0.167569
200.000000 0.115226
200.500000 0.077139
201.000000 0.053805
201.500000 0.043204
202.000000 0.042188
202.500000 0.047760
203.000000 0.057644
203.500000 0.070301
204.000000 0.084758
204.500000 0.100411
205.000000 0.116897
205.500000 0.133997
206.000000 0.151583
206.500000 0.169590
207.000000 0.187988
207.500000 0.206777
208.000000 0.225977
208.500000 0.245626
209.000000 0.265776
209.500000 0.286496
210.000000 0.307866
210.500000 0.329986
211.000000 0.352971
211.500000 0.376955
212.000000 0.402090
212.500000 0.428553
213.000000 0.456536
213.500000 0.486249
214.000000 0.517911
214.500000 0.551736
215.000000 0.587902
215.500000 0.626520
216.000000 0.667565
216.500000 0.710803
217.000000 0.755697
217.500000 0.801313
218.000000 0.846288
218.500000 0.888880
219.000000 0.927173
219.500000 0.959406
220.000000 0.984333
220.500000 1.001454
221.000000 1.011015
221.500000 1.013801
222.000000 1.010844
222.500000 1.003187
223.000000 0.991730
223.500000 0.977183
224.000000 0.960056
224.500000 0.940693
225.000000 0.919291
225.500000 0.895927
226.000000 0.870577
226.500000 0.843125
227.000000 0.813369
227.500000 0.781020
228.000000 0.745706
228.500000 0.706967
229.000000 0.664273
229.500000 0.617052
230.000000 0.564763
230.500000 0.507030
231.000000 0.443888
231.500000 0.376130
232.000000 0.305738
232.500000 0.236187
233.000000 0.172237
233.500000 0.118876
234.000000 0.079603
234.500000 0.055150
235.000000 0.043651
235.500000 0.041993
236.000000 0.047138
236.500000 0.056744
237.000000 0.069224
237.500000 0.083564
238.000000 0.099139
238.500000 0.115568
239.000000 0.132625
239.500000 0.150176
240.000000 0.168150
240.500000 0.186518
241.000000 0.205275
241.500000 0.224442
242.000000 0.244053
242.500000 0.264162
243.000000 0.284833
243.500000 0.306149
244.000000 0.328206
244.500000 0.351118
245.000000 0.375017
245.500000 0.400055
246.000000 0.426406
246.500000 0.454261
247.000000 0.483829
247.500000 0.515330
248.000000 0.548976
248.500000 0.584952
249.000000 0.623374
249.500000 0.664232
250.000000 0.707312
250.500000 0.752103
251.000000 0.797706
251.500000 0.842791
252.000000 0.885641
252.500000 0.924343
253.000000 0.957109
253.500000 0.982643
254.000000 1.000382
254.500000 1.010518
255.000000 1.013803
255.500000 1.011263
256.000000 1.003942
256.500000 0.992758
257.000000 0.978433
257.500000 0.961497
258.000000 0.942302
258.500000 0.921056
259.000000 0.897847
259.500000 0.872657
260.000000 0.845378
260.500000 0.815814
261.000000 0.783683
261.500000 0.748619
262.000000 0.710169
262.500000 0.667809
263.000000 0.620968
263.500000 0.569096
264.000000 0.511801
264.500000 0.449070
265.000000 0.381623
265.500000 0.311333
266.000000 0.241555
266.500000 0.176973
267.000000 0.122615
267.500000 0.082162
268.000000 0.056576
268.500000 0.044160
269.000000 0.041841
269.500000 0.046542
270.000000 0.055863
270.500000 0.068158
271.000000 0.082378
271.500000 0.097871
272.000000 0.114243
272.500000 0.131255
273.000000 0.148771
273.500000 0.166713
274.000000 0.185050
274.500000 0.203776
275.000000 0.222909
275.500000 0.242484
276.000000 0.262551
276.500000 0.283175
277.000000 0.304437
277.500000 0.326431
278.000000 0.349270
278.500000 0.373086
279.000000 0.398028
279.500000 0.424269
280.000000 0.451997
280.500000 0.481422
281.000000 0.512761
281.500000 0.546230
282.000000 0.582016
282.500000 0.620243
283.000000 0.660913
283.500000 0.703832
284.000000 0.748514
284.500000 0.794096
285.000000 0.839280
285.500000 0.882376
286.000000 0.921475
286.500000 0.954767
287.000000 0.980904
287.500000 0.999262
288.000000 1.009978
288.500000 1.013770
289.000000 1.011651
289.500000 1.004673
290.000000 0.993765
290.500000 0.979668
291.000000 0.962923
291.500000 0.943897
292.000000 0.922810
292.500000 0.899755
293.000000 0.874725
293.500000 0.847617
294.000000 0.818242
294.500000 0.786327
295.000000 0.751510
295.500000 0.713347
296.000000 0.671317
296.500000 0.624851
297.000000 0.573395
297.500000 0.516536
298.000000 0.454221
298.500000 0.387097
299.000000 0.316931
299.500000 0.246954
300.000000 0.181773
300.500000 0.126444
301.000000 0.084815
301.500000 0.058086
302.000000 0.044731
302.500000 0.041731
303.000000 0.045975
303.500000 0.055000
304.000000 0.067104
304.500000 0.081200
305.000000 0.096609
305.500000 0.112922
306.000000 0.129890
306.500000 0.147368
307.000000 0.165279
307.500000 0.183585
308.000000 0.202280
308.500000 0.221380
309.000000 0.240918
309.500000 0.260944
310.000000 0.281521
310.500000 0.302729
311.000000 0.324661
311.500000 0.347429
312.000000 0.371163
312.500000 0.396010
313.000000 0.422140
313.500000 0.449744
314.000000 0.479027
314.500000 0.510206
315.000000 0.543499
315.500000 0.579096
316.000000 0.617128
316.500000 0.657609
317.000000 0.700362
317.500000 0.744931
318.000000 0.790483
318.500000 0.835756
319.000000 0.879086
319.500000 0.918571
320.000000 0.952380
320.500000 0.979116
321.000000 0.998094
321.500000 1.009394
322.000000 1.013699
322.500000 1.012009
323.000000 1.005379
323.500000 0.994753
324.000000 0.980886
324.500000 0.964335
325.000000 0.945480
325.500000 0.924551
326.000000 0.901651
326.500000 0.876779
327.000000 0.849842
327.500000 0.820656
328.000000 0.788953
328.500000 0.754381
329.000000 0.716501
329.500000 0.674797
330.000000 0.628703
330.500000 0.577660
331.000000 0.521237
331.500000 0.459343
332.000000 0.392552
332.500000 0.322529
333.000000 0.252384
333.500000 0.186636
334.000000 0.130359
334.500000 0.087563
335.000000 0.059681
335.500000 0.045368
336.000000 0.041667
336.500000 0.045438
337.000000 0.054155
337.500000 0.066063
338.000000 0.080029
338.500000 0.095353
339.000000 0.111604
339.500000 0.128527
340.000000 0.145969
340.500000 0.163847
341.000000 0.182122
341.500000 0.200786
342.000000 0.219853
342.500000 0.239355
343.000000 0.259340
343.500000 0.279871
344.000000 0.301025
344.500000 0.322897
345.000000 0.345594
345.500000 0.369246
346.000000 0.393999
346.500000 0.420021
347.000000 0.447501
347.500000 0.476643
348.000000 0.507665
348.500000 0.540783
349.000000 0.576192
349.500000 0.614028
350.000000 0.654319
350.500000 0.696905
351.000000 0.741355
351.500000 0.786870
352.000000 0.832221
352.500000 0.875772
353.000000 0.915631
353.500000 0.949948
354.000000 0.977279
354.500000 0.996877
355.000000 1.008767
355.500000 1.013591
356.000000 1.012336
356.500000 1.006061
357.000000 0.995721
357.500000 0.982087
358.000000 0.965733
358.500000 0.947050
359.000000 0.926279
359.500000 0.903534
360.000000 0.878821
360.500000 0.852052
361.000000 0.823053
361.500000 0.791561
362.000000 0.757231
362.500000 0.719631
363.000000 0.678250
363.500000 0.632524
364.000000 0.581891
364.500000 0.525903
365.000000 0.464432
365.500000 0.397985
366.000000 0.328124
366.500000 0.257841
367.000000 0.191558
367.500000 0.134360
368.000000 0.090405
368.500000 0.061360
369.000000 0.046070
369.500000 0.041649
370.000000 0.044932
370.500000 0.053331
371.000000 0.065034
371.500000 0.078868
372.000000 0.094102
372.500000 0.110291
373.000000 0.127167
373.500000 0.144572
374.000000 0.162418
374.500000 0.180662
375.000000 0.199295
375.500000 0.218329
376.000000 0.237795
376.500000 0.257739
377.000000 0.278225
377.500000 0.299327
378.000000 0.321137
378.500000 0.343765
379.000000 0.367336
379.500000 0.391996
380.000000 0.417912
380.500000 0.445269
381.000000 0.474271
381.500000 0.505136
382.000000 0.538081
382.500000 0.573303
383.000000 0.610944
383.500000 0.651043
384.000000 0.693459
384.500000 0.737786
385.000000 0.783255
385.500000 0.828674
386.000000 0.872435
386.500000 0.912656
387.000000 0.947472
387.500000 0.975393
388.000000 0.995612
388.500000 1.008094
389.000000 1.013445
389.500000 1.012632
390.000000 1.006717
390.500000 0.996668
391.000000 0.983271
391.500000 0.967116
392.000000 0.948607
392.500000 0.927996
393.000000 0.905405
393.500000 0.880850
394.000000 0.854249
394.500000 0.825434
395.000000 0.794151
395.500000 0.760061
396.000000 0.722736
396.500000 0.681675
397.000000 0.636314
397.500000 0.586088
398.000000 0.530534
398.500000 0.469489
399.000000 0.403396
399.500000 0.333717
400.000000 0.263322
400.500000 0.196537
401.000000 0.138446
401.500000 0.093343
402.000000 0.063127
402.500000 0.046841
403.000000 0.041680
403.500000 0.044456
404.000000 0.052526
404.500000 0.064018
405.000000 0.077714
405.500000 0.092857
406.000000 0.108983
406.500000 0.125811
407.000000 0.143178
407.500000 0.160991
408.000000 0.179204
408.500000 0.197806
409.000000 0.216807
409.500000 0.236238
410.000000 0.256142
410.500000 0.276582
411.000000 0.297632
411.500000 0.319383
412.000000 0.341942
412.500000 0.365433
413.000000 0.390002
413.500000 0.415811
414.000000 0.443047
414.500000 0.471911
415.000000 0.502621
415.500000 0.535394
416.000000 0.570429
416.500000 0.607876
417.000000 0.647783
417.500000 0.690026
418.000000 0.734224
418.500000 0.779641
419.000000 0.825117
419.500000 0.869075
420.000000 0.909647
420.500000 0.944952
421.000000 0.973459
421.500000 0.994298
422.000000 1.007378
422.500000 1.013260
423.000000 1.012896
423.500000 1.007347
424.000000 0.997594
424.500000 0.984438
425.000000 0.968484
425.500000 0.950150
426.000000 0.929700
426.500000 0.907264
427.000000 0.882866
427.500000 0.856432
428.000000 0.827800
428.500000 0.796724
429.000000 0.762870
429.500000 0.725819
430.000000 0.685073
430.500000 0.640074
431.000000 0.590252
431.500000 0.535131
432.000000 0.474515
432.500000 0.408784
433.000000 0.339304
433.500000 0.268825
434.000000 0.201572
434.500000 0.142614
435.000000 0.096376
435.500000 0.064983
436.000000 0.047682
436.500000 0.041759
437.000000 0.044014
437.500000 0.051743
438.000000 0.063016
438.500000 0.076570
439.000000 0.091618
439.500000 0.107678
440.000000 0.124458
440.500000 0.141786
441.000000 0.159566
441.500000 0.177749
442.000000 0.196320
442.500000 0.215288
443.000000 0.234683
443.500000 0.254549
444.000000 0.274944
444.500000 0.295942
445.000000 0.317634
445.500000 0.340125
446.000000 0.363537
446.500000 0.388015
447.000000 0.413719
447.500000 0.440835
448.000000 0.469563
448.500000 0.500119
449.000000 0.532720
449.500000 0.567570
450.000000 0.604823
450.500000 0.644536
451.000000 0.686605
451.500000 0.730670
452.000000 0.776026
452.500000 0.821551
453.000000 0.865695
453.500000 0.906605
454.000000 0.942389
454.500000 0.971476
455.000000 0.992935
455.500000 1.006615
456.000000 1.013036
456.500000 1.013127
457.000000 1.007952
457.500000 0.998499
458.000000 0.985588
458.500000 0.969838
459.000000 0.951681
459.500000 0.931391
460.000000 0.909111
460.500000 0.884869
461.000000 0.858601
461.500000 0.830152
462.000000 0.799280
462.500000 0.765660
463.000000 0.728879
463.500000 0.688445
464.000000 0.643803
464.500000 0.594382
465.000000 0.539694
465.500000 0.479508
466.000000 0.414148
466.500000 0.344885
467.000000 0.274349
467.500000 0.206659
468.000000 0.146864
468.500000 0.099503
469.000000 0.066928
469.500000 0.048595
470.000000 0.041889
470.500000 0.043606
471.000000 0.050982
471.500000 0.062027
472.000000 0.075435
472.500000 0.090386
473.000000 0.106378
473.500000 0.123108
474.000000 0.140398
474.500000 0.158144
475.000000 0.176296
475.500000 0.194836
476.000000 0.213772
476.500000 0.233132
477.000000 0.252958
477.500000 0.273309
478.000000 0.294257
478.500000 0.315890
479.000000 0.338313
479.500000 0.361648
480.000000 0.386035
480.500000 0.411636
481.000000 0.438633
481.500000 0.467226
482.000000 0.497629
482.500000 0.530061
483.000000 0.564726
483.500000 0.601785
484.000000 0.641305
484.500000 0.683196
485.000000 0.727124
485.500000 0.772413
486.000000 0.817976
486.500000 0.862294
487.000000 0.903530
487.500000 0.939784
488.000000 0.969445
488.500000 0.991523
489.000000 1.005807
489.500000 1.012772
490.000000 1.013326
490.500000 1.008529
491.000000 0.999383
491.500000 0.986720
492.000000 0.971176
492.500000 0.953198
493.000000 0.933071
493.500000 0.910945
494.000000 0.886860
494.500000 0.860757
495.000000 0.832487
495.500000 0.801818
496.000000 0.768429
496.500000 0.731916
497.000000 0.691791
497.500000 0.647503
498.000000 0.598480
498.500000 0.544222
499.000000 0.484469
499.500000 0.419487
500.000000 0.350457
500.500000 0.279890
501.000000 0.211796
501.500000 0.151192
502.000000 0.102725
502.500000 0.068963
503.000000 0.049580
503.500000 0.042072
504.000000 0.043232
504.500000 0.050243
505.000000 0.061054
505.500000 0.074309
506.000000 0.089160
506.500000 0.105082
507.000000 0.121762
507.500000 0.139012
508.000000 0.156724
508.500000 0.174845
509.000000 0.193354
509.500000 0.212259
510.000000 0.231584
510.500000 0.251371
511.000000 0.271677
511.500000 0.292575
512.000000 0.314151
512.500000 0.336507
513.000000 0.359765
513.500000 0.384063
514.000000 0.409562
514.500000 0.436441
515.000000 0.464900
515.500000 0.495152
516.000000 0.527415
516.500000 0.561898
517.000000 0.598763
517.500000 0.638089
518.000000 0.679801
518.500000 0.723587
519.000000 0.768803
519.500000 0.814393
520.000000 0.858874
520.500000 0.900425
521.000000 0.937138
521.500000 0.967366
522.000000 0.990062
522.500000 1.004954
523.000000 1.012468
523.500000 1.013491
524.000000 1.009079
524.500000 1.000244
525.000000 0.987834
525.500000 0.972500
526.000000 0.954702
526.500000 0.934737
527.000000 0.912767
527.500000 0.888838
528.000000 0.862899
528.500000 0.834808
529.000000 0.804339
529.500000 0.771180
530.000000 0.734930
530.500000 0.695110
531.000000 0.651172
531.500000 0.602544
532.000000 0.548714
532.500000 0.489396
533.000000 0.424799
533.500000 0.356018
534.000000 0.285445
534.500000 0.216980
535.000000 0.155598
535.500000 0.106040
536.000000 0.071089
536.500000 0.050640
537.000000 0.042309
537.500000 0.042895
538.000000 0.049528
538.500000 0.060095
539.000000 0.073194
539.500000 0.087940
540.000000 0.103792
540.500000 0.120420
541.000000 0.137629
541.500000 0.155307
542.000000 0.173397
542.500000 0.191876
543.000000 0.210748
543.500000 0.230038
544.000000 0.249787
544.500000 0.270050
545.000000 0.290898
545.500000 0.312416
546.000000 0.334707
546.500000 0.357888
547.000000 0.382099
547.500000 0.407496
548.000000 0.434259
548.500000 0.462585
549.000000 0.492687
549.500000 0.524784
550.000000 0.559084
550.500000 0.595756
551.000000 0.634887
551.500000 0.676418
552.000000 0.720059
552.500000 0.765194
553.000000 0.810804
553.500000 0.855435
554.000000 0.897288
554.500000 0.934450
555.000000 0.965239
555.500000 0.988552
556.000000 1.004053
556.500000 1.012123
557.000000 1.013622
557.500000 1.009602
558.000000 1.001084
558.500000 0.988930
559.000000 0.973808
559.500000 0.956192
560.000000 0.936392
560.500000 0.914577
561.000000 0.890804
561.500000 0.865028
562.000000 0.837115
562.500000 0.806844
563.000000 0.773911
563.500000 0.737922
564.000000 0.698404
564.500000 0.654813
565.000000 0.606577
565.500000 0.553173
566.000000 0.494290
566.500000 0.430086
567.000000 0.361567
567.500000 0.291013
568.000000 0.222208
568.500000 0.160078
569.000000 0.109448
569.500000 0.073307
570.000000 0.051776
570.500000 0.042602
571.000000 0.042595
571.500000 0.048837
572.000000 0.059152
572.500000 0.072088
573.000000 0.086727
573.500000 0.102506
574.000000 0.119081
574.500000 0.136249
575.000000 0.153893
575.500000 0.171951
576.000000 0.190399
576.500000 0.209240
577.000000 0.228495
577.500000 0.248206
578.000000 0.268426
578.500000 0.289225
579.000000 0.310687
579.500000 0.332912
580.000000 0.356018
580.500000 0.380142
581.000000 0.405439
581.500000 0.432087
582.000000 0.460282
582.500000 0.490235
583.000000 0.522166
583.500000 0.556285
584.000000 0.592765
584.500000 0.631701
585.000000 0.673049
585.500000 0.716540
586.000000 0.761589
586.500000 0.807208
587.000000 0.851979
587.500000 0.894123
588.000000 0.931722
588.500000 0.963065
589.000000 0.986992
589.500000 1.003106
590.000000 1.011737
590.500000 1.013719
591.000000 1.010097
591.500000 1.001900
592.000000 0.990008
592.500000 0.975101
593.000000 0.957669
593.500000 0.938034
594.000000 0.916375
594.500000 0.892757
595.000000 0.867143
595.500000 0.839406
596.000000 0.809332
596.500000 0.776623
597.000000 0.740892
597.500000 0.701672
598.000000 0.658425
598.500000 0.610576
599.000000 0.557597
599.500000 0.499150
600.000000 0.435344
600.500000 0.367103
601.000000 0.296592
601.500000 0.227478
602.000000 0.164632
602.500000 0.112949
603.000000 0.075618
603.500000 0.052991
604.000000 0.042951
604.500000 0.042334
605.000000 0.048171
605.500000 0.058225
606.000000 0.070993
606.500000 0.085522
607.000000 0.101224
607.500000 0.117745
608.000000 0.134872
608.500000 0.152481
609.000000 0.170508
609.500000 0.188925
610.000000 0.207734
610.500000 0.226956
611.000000 0.246629
611.500000 0.266806
612.000000 0.287556
612.500000 0.308962
613.000000 0.331123
613.500000 0.354154
614.000000 0.378192
614.500000 0.403390
615.000000 0.429925
615.500000 0.457989
616.000000 0.487796
616.500000 0.519562
617.000000 0.553500
617.500000 0.589789
618.000000 0.628530
618.500000 0.669694
619.000000 0.713032
619.500000 0.757987
620.000000 0.803608
620.500000 0.848507
621.000000 0.890928
621.500000 0.928955
622.000000 0.960844
622.500000 0.985383
623.000000 1.002112
623.500000 1.011309
624.000000 1.013780
624.500000 1.010563
625.000000 1.002694
625.500000 0.991066
626.000000 0.976378
626.500000 0.959132
627.000000 0.939663
627.500000 0.918160
628.000000 0.894698
628.500000 0.869245
629.000000 0.841683
629.500000 0.811804
630.000000 0.779316
630.500000 0.743840
631.000000 0.704915
631.500000 0.662007
632.000000 0.614543
632.500000 0.561986
633.000000 0.503976
633.500000 0.440574
634.000000 0.372623
634.500000 0.302178
635.000000 0.232787
635.500000 0.169257
636.000000 0.116541
636.500000 0.078023
637.000000 0.054284
637.500000 0.043360
638.000000 0.042113
638.500000 0.047531
639.000000 0.057315
639.500000 0.069909
640.000000 0.084323
640.500000 0.099948
641.000000 0.116414
641.500000 0.133498
642.000000 0.151072
642.500000 0.169067
643.000000 0.187453
643.500000 0.206231
644.000000 0.225419
644.500000 0.245054
645.000000 0.265189
645.500000 0.285891
646.000000 0.307242
646.500000 0.329339
647.000000 0.352297
647.500000 0.376250
648.000000 0.401350
648.500000 0.427772
649.000000 0.455708
649.500000 0.485368
650.000000 0.516972
650.500000 0.550731
651.000000 0.586828
651.500000 0.625375
652.000000 0.666352
652.500000 0.709534
653.000000 0.754390
653.500000 0.800003
654.000000 0.845019
654.500000 0.887706
655.000000 0.926149
655.500000 0.958577
656.000000 0.983725
656.500000 1.001070
657.000000 1.010839
657.500000 1.013806
658.000000 1.011000
658.500000 1.003464
659.000000 0.992106
659.500000 0.977639
660.000000 0.960581
660.500000 0.941279
661.000000 0.919934
661.500000 0.896626
662.000000 0.871334
662.500000 0.843945
663.000000 0.814259
663.500000 0.781990
664.000000 0.746766
664.500000 0.708133
665.000000 0.665561
665.500000 0.618478
666.000000 0.566341
666.500000 0.508767
667.000000 0.445774
667.500000 0.378127
668.000000 0.307770
668.500000 0.238133
669.000000 0.173950
669.500000 0.120224
670.000000 0.080522
670.500000 0.055659
671.000000 0.043829
671.500000 0.041933
672.000000 0.046918
672.500000 0.056422
673.000000 0.068835
673.500000 0.083132
674.000000 0.098678
674.500000 0.115086
675.000000 0.132127
675.500000 0.149665
676.000000 0.167628
676.500000 0.185984
677.000000 0.204730
677.500000 0.223885
678.000000 0.243483
678.500000 0.263576
679.000000 0.284231
679.500000 0.305526
680.000000 0.327560
680.500000 0.350446
681.000000 0.374315
681.500000 0.399318
682.000000 0.425628
682.500000 0.453437
683.000000 0.482953
683.500000 0.514395
684.000000 0.547976
684.500000 0.583883
685.000000 0.622235
685.500000 0.663024
686.000000 0.706046
686.500000 0.750798
687.000000 0.796395
687.500000 0.841517
688.000000 0.884458
688.500000 0.923305
689.000000 0.956264
689.500000 0.982017
690.000000 0.999981
690.500000 1.010327
691.000000 1.013795
691.500000 1.011407
692.000000 1.004210
692.500000 0.993126
693.000000 0.978884
693.500000 0.962016
694.000000 0.942883
694.500000 0.921695
695.000000 0.898542
695.500000 0.873410
696.000000 0.846193
696.500000 0.816698
697.000000 0.784646
697.500000 0.749672
698.000000 0.711327
698.500000 0.669087
699.000000 0.622382
699.500000 0.570662
700.000000 0.513525
700.500000 0.450945
701.000000 0.383614
701.500000 0.313367
702.000000 0.243513
702.500000 0.178710
703.000000 0.123996
703.500000 0.083115
704.000000 0.057115
704.500000 0.044360
705.000000 0.041796
705.500000 0.046333
706.000000 0.055547
706.500000 0.067774
707.000000 0.081949
707.500000 0.097412
708.000000 0.113762
708.500000 0.130759
709.000000 0.148261
709.500000 0.166192
710.000000 0.184517
710.500000 0.203232
711.000000 0.222353
711.500000 0.241915
712.000000 0.261967
712.500000 0.282574
713.000000 0.303816
713.500000 0.325787
714.000000 0.348601
714.500000 0.372386
715.000000 0.397294
715.500000 0.423494
716.000000 0.451177
716.500000 0.480550
717.000000 0.511832
717.500000 0.545236
718.000000 0.580954
718.500000 0.619109
719.000000 0.659711
719.500000 0.702570
720.000000 0.747212
720.500000 0.792784
721.000000 0.838002
721.500000 0.881184
722.000000 0.920424
722.500000 0.953905
723.000000 0.980260
723.500000 0.998843
724.000000 1.009771
724.500000 1.013749
725.000000 1.011785
725.500000 1.004933
726.000000 0.994127
726.500000 0.980112
727.000000 0.963438
727.500000 0.944474
728.000000 0.923444
728.500000 0.900445
729.000000 0.875473
729.500000 0.848427
730.000000 0.819121
730.500000 0.787283
731.000000 0.752556
731.500000 0.714496
732.000000 0.672585
732.500000 0.626254
733.000000 0.574948
733.500000 0.518248
734.000000 0.456086
734.500000 0.389081
735.000000 0.318964
735.500000 0.248924
736.000000 0.183533
736.500000 0.127856
737.000000 0.085802
737.500000 0.058656
738.000000 0.044955
738.500000 0.041703
739.000000 0.045777
739.500000 0.054691
740.000000 0.066724
740.500000 0.080773
741.000000 0.096152
741.500000 0.112442
742.000000 0.129394
742.500000 0.146860
743.000000 0.164758
743.500000 0.183053
744.000000 0.201737
744.500000 0.220825
745.000000 0.240350
745.500000 0.260361
746.000000 0.280921
746.500000 0.302109
747.000000 0.324019
747.500000 0.346762
748.000000 0.370465
748.500000 0.395278
749.000000 0.421369
749.500000 0.448928
750.000000 0.478159
750.500000 0.509281
751.000000 0.542511
751.500000 0.578039
752.000000 0.616000
752.500000 0.656411
753.000000 0.699105
753.500000 0.743631
754.000000 0.789171
754.500000 0.834473
755.000000 0.877884
755.500000 0.917506
756.000000 0.951501
756.500000 0.978454
757.000000 0.997657
757.500000 1.009171
758.000000 1.013664
758.500000 1.012131
759.000000 1.005630
759.500000 0.995107
760.000000 0.981324
760.500000 0.964844
761.000000 0.946052
761.500000 0.925180
762.000000 0.902337
762.500000 0.877523
763.000000 0.850647
763.500000 0.821528
764.000000 0.789903
764.500000 0.755419
765.000000 0.717641
765.500000 0.676055
766.000000 0.630095
766.500000 0.579201
767.000000 0.522937
767.500000 0.461196
768.000000 0.394529
768.500000 0.324562
769.000000 0.254364
769.500000 0.188418
770.000000 0.131803
770.500000 0.088585
771.000000 0.060281
771.500000 0.045615
772.000000 0.041655
772.500000 0.045250
773.000000 0.053853
773.500000 0.065687
774.000000 0.079606
774.500000 0.094897
775.000000 0.111127
775.500000 0.128032
776.000000 0.145461
776.500000 0.163327
777.000000 0.181591
777.500000 0.200244
778.000000 0.219299
778.500000 0.238787
779.000000 0.258758
779.500000 0.279272
780.000000 0.300408
780.500000 0.322257
781.000000 0.344929
781.500000 0.368551
782.000000 0.393270
782.500000 0.419254
783.000000 0.446689
783.500000 0.475780
784.000000 0.506745
784.500000 0.539800
785.000000 0.575140
785.500000 0.612906
786.000000 0.653127
786.500000 0.695651
787.000000 0.740057
787.500000 0.785556
788.000000 0.830933
788.500000 0.874562
789.000000 0.914554
789.500000 0.949053
790.000000 0.976600
790.500000 0.996423
791.000000 1.008528
791.500000 1.013542
792.000000 1.012447
792.500000 1.006302
793.000000 0.996067
793.500000 0.982519
794.000000 0.966237
794.500000 0.947617
795.000000 0.926904
795.500000 0.904216
796.000000 0.879560
796.500000 0.852852
797.000000 0.823920
797.500000 0.792505
798.000000 0.758262
798.500000 0.720762
799.000000 0.679498
799.500000 0.633905
800.000000 0.583420
800.500000 0.527590
801.000000 0.466273
801.500000 0.399954
802.000000 0.330157
802.500000 0.259830
803.000000 0.193361
803.500000 0.135835
804.000000 0.091462
804.500000 0.061993
805.000000 0.046343
805.500000 0.041655
806.000000 0.044755
806.500000 0.053036
807.000000 0.064663
807.500000 0.078447
808.000000 0.093649
808.500000 0.109815
809.000000 0.126674
809.500000 0.144065
810.000000 0.161899
810.500000 0.180132
811.000000 0.198753
811.500000 0.217775
812.000000 0.237228
812.500000 0.257159
813.000000 0.277627
813.500000 0.298710
814.000000 0.320499
814.500000 0.343102
815.000000 0.366644
815.500000 0.391271
816.000000 0.417147
816.500000 0.444460
817.000000 0.473412
817.500000 0.504221
818.000000 0.537103
818.500000 0.572257
819.000000 0.609827
819.500000 0.649856
820.000000 0.692210
820.500000 0.736490
821.000000 0.781941
821.500000 0.827382
822.000000 0.871216
822.500000 0.911566
823.000000 0.946561
823.500000 0.974696
824.000000 0.995140
824.500000 1.007839
825.000000 1.013382
825.500000 1.012732
826.000000 1.006949
826.500000 0.997007
827.000000 0.983698
827.500000 0.967615
828.000000 0.949169
828.500000 0.928616
829.000000 0.906082
829.500000 0.881584
830.000000 0.855044
830.500000 0.826296
831.000000 0.795089
831.500000 0.761084
832.000000 0.723860
832.500000 0.682913
833.000000 0.637684
833.500000 0.587605
834.000000 0.532209
834.500000 0.471320
835.000000 0.405357
835.500000 0.335748
836.000000 0.265320
836.500000 0.198361
837.000000 0.139951
837.500000 0.094434
838.000000 0.063792
838.500000 0.047139
839.000000 0.041703
839.500000 0.044292
840.000000 0.052239
840.500000 0.063652
841.000000 0.077297
841.500000 0.092406
842.000000 0.108508
842.500000 0.125319
843.000000 0.142672
843.500000 0.160472
844.000000 0.178675
844.500000 0.197265
845.000000 0.216255
845.500000 0.235672
846.000000 0.255563
846.500000 0.275986
847.000000 0.297018
847.500000 0.318747
848.000000 0.341281
848.500000 0.364743
849.000000 0.389279
849.500000 0.415050
850.000000 0.442242
850.500000 0.471056
851.000000 0.501710
851.500000 0.534420
852.000000 0.569388
852.500000 0.606764
853.000000 0.646601
853.500000 0.688781
854.000000 0.732931
854.500000 0.778327
855.000000 0.823822
855.500000 0.867849
856.000000 0.908545
856.500000 0.944025
857.000000 0.972743
857.500000 0.993808
858.000000 1.007106
858.500000 1.013183
859.000000 1.012984
859.500000 1.007570
860.000000 0.997926
860.500000 0.984858
861.000000 0.968978
861.500000 0.950708
862.000000 0.930316
862.500000 0.907937
863.000000 0.883596
863.500000 0.857222
864.000000 0.828657
864.500000 0.797655
865.000000 0.763887
865.500000 0.726934
866.000000 0.686302
866.500000 0.641433
867.000000 0.591757
867.500000 0.536794
868.000000 0.476334
868.500000 0.410737
869.000000 0.341334
869.500000 0.270831
870.000000 0.203416
870.500000 0.144150
871.000000 0.097502
871.500000 0.065679
872.000000 0.048006
872.500000 0.041800
873.000000 0.043862
873.500000 0.051464
874.000000 0.062655
874.500000 0.076156
875.000000 0.091170
875.500000 0.107205
876.000000 0.123967
876.500000 0.141281
877.000000 0.159049
877.500000 0.177220
878.000000 0.195780
878.500000 0.214737
879.000000 0.234119
879.500000 0.253970
880.000000 0.274349
880.500000 0.295329
881.000000 0.316999
881.500000 0.339465
882.000000 0.362850
882.500000 0.387294
883.000000 0.412961
883.500000 0.440033
884.000000 0.468712
884.500000 0.499212
885.000000 0.531752
885.500000 0.566535
886.000000 0.603717
886.500000 0.643360
887.000000 0.685364
887.500000 0.729380
888.000000 0.774713
888.500000 0.820252
889.000000 0.864461
889.500000 0.905491
890.000000 0.941447
890.500000 0.970743
891.000000 0.992428
891.500000 1.006327
892.000000 1.012944
892.500000 1.013203
893.000000 1.008165
893.500000 0.998823
894.000000 0.986002
894.500000 0.970326
895.000000 0.952234
895.500000 0.932003
896.000000 0.909779
896.500000 0.885594
897.000000 0.859386
897.500000 0.831002
898.000000 0.800204
898.500000 0.766669
899.000000 0.729986
899.500000 0.689664
900.000000 0.645151
900.500000 0.595876
901.000000 0.541344
901.500000 0.481315
902.000000 0.416092
902.500000 0.346911
903.000000 0.276361
903.500000 0.208521
904.000000 0.148428
904.500000 0.100663
905.000000 0.067657
905.500000 0.048944
906.000000 0.041950
906.500000 0.043466
907.000000 0.050711
907.500000 0.061672
908.000000 0.075025
908.500000 0.089939
909.000000 0.105906
909.500000 0.122619
910.000000 0.139894
910.500000 0.157628
911.000000 0.175768
911.500000 0.194297
912.000000 0.213222
912.500000 0.232569
913.000000 0.252381
913.500000 0.272715
914.000000 0.293645
914.500000 0.315257
915.000000 0.337656
915.500000 0.360962
916.000000 0.385317
916.500000 0.410881
917.000000 0.437835
917.500000 0.466379
918.000000 0.496727
918.500000 0.529098
919.000000 0.563696
919.500000 0.600685
920.000000 0.640134
920.500000 0.681961
921.000000 0.725837
921.500000 0.771101
922.000000 0.816675
922.500000 0.861053
923.000000 0.902405
923.500000 0.938827
924.000000 0.968695
924.500000 0.990998
925.000000 1.005503
925.500000 1.012666
926.000000 1.013390
926.500000 1.008732
927.000000 0.999698
927.500000 0.987127
928.000000 0.971659
928.500000 0.953746
929.000000 0.933678
929.500000 0.911609
930.000000 0.887580
930.500000 0.861537
931.000000 0.833333
931.500000 0.802737
932.000000 0.769431
932.500000 0.733014
933.000000 0.693000
933.500000 0.648840
934.000000 0.599961
934.500000 0.545859
935.000000 0.486264
935.500000 0.421421
936.000000 0.352479
936.500000 0.281907
937.000000 0.213675
937.500000 0.152784
938.000000 0.103919
938.500000 0.069725
939.000000 0.049956
939.500000 0.042152
940.000000 0.043105
940.500000 0.049980
941.000000 0.060704
941.500000 0.073903
942.000000 0.088716
942.500000 0.104613
943.000000 0.121274
943.500000 0.138509
944.000000 0.156209
944.500000 0.174318
945.000000 0.192817
945.500000 0.211709
946.000000 0.231022
946.500000 0.250795
947.000000 0.271086
947.500000 0.291965
948.000000 0.313520
948.500000 0.335852
949.000000 0.359082
949.500000 0.383348
950.000000 0.408810
950.500000 0.435647
951.000000 0.464057
951.500000 0.494255
952.000000 0.526457
952.500000 0.560873
953.000000 0.597668
953.500000 0.636923
954.000000 0.678570
954.500000 0.722303
955.000000 0.767491
955.500000 0.813089
956.000000 0.857626
956.500000 0.899288
957.000000 0.936165
957.500000 0.966598
958.000000 0.989519
958.500000 1.004632
959.000000 1.012347
959.500000 1.013543
960.000000 1.009273
960.500000 1.000552
961.000000 0.988235
961.500000 0.972977
962.000000 0.955245
962.500000 0.935340
963.000000 0.913426
963.500000 0.889554
964.000000 0.863674
964.500000 0.835648
965.000000 0.805252
965.500000 0.772175
966.000000 0.736020
966.500000 0.696310
967.000000 0.652499
967.500000 0.604014
968.000000 0.550339
968.500000 0.491179
969.000000 0.426724
969.500000 0.358036
970.000000 0.287468
970.500000 0.218875
971.000000 0.157218
971.500000 0.107268
972.000000 0.071885
972.500000 0.051044
973.000000 0.042409
973.500000 0.042781
974.000000 0.049274
974.500000 0.059750
975.000000 0.072791
975.500000 0.087498
976.000000 0.103324
976.500000 0.119933
977.000000 0.137127
977.500000 0.154793
978.000000 0.172871
978.500000 0.191339
979.000000 0.210199
979.500000 0.229477
980.000000 0.249212
980.500000 0.269459
981.000000 0.290289
981.500000 0.311787
982.000000 0.334054
982.500000 0.357208
983.000000 0.381387
983.500000 0.406748
984.000000 0.433469
984.500000 0.461747
985.000000 0.491795
985.500000 0.523831
986.000000 0.558064
986.500000 0.594667
987.000000 0.633728
987.500000 0.675192
988.000000 0.718779
988.500000 0.763883
989.000000 0.809497
989.500000 0.854181
990.000000 0.896141
990.500000 0.933463
991.000000 0.964454
991.500000 0.987991
992.000000 1.003714
992.500000 1.011988
993.000000 1.013661
993.500000 1.009785
994.000000 1.001383
994.500000 0.989324
995.000000 0.974280
995.500000 0.956731
996.000000 0.936990
996.500000 0.915232
997.000000 0.891515
997.500000 0.865798
998.000000 0.837949
998.500000 0.807751
999.000000 0.774899
999.500000 0.739004
0.000000 0.000000
